95
0 4
1 10
2 34
5 232
-1 232
-13 1212
10 14
-11 102
82 4
25 32
11.54 432
12.13 14
0.4 4
1.23 120
2.111 74
54 43
-112 29
-13.21 12.112
10.222 14.55
-11.21 10.001
84.1111 42
235 37.555
111.54 432.34
12.1113 14.4
70 5
71 50
72 344
75 232
-71 222.2
-713 112
710 1114
-711 1221
782 44
275 32.4567
171.54 232
2.613 224
0.664 4.323
1.623 10
6.111 4.32
564 42.323
-12.66 2.232
-13.61 12.12
10.2332 14.5
-11.231 10.01
89.11311 22.23
295 37.55
191.54 42.34
19.7813 144.4
0.01 4
1131 10
22.232 34
5.232 232
-1.23233 232
-13.999 1212
10.999 114
-11.121 102
-982 4
1.23225 32
11.321.54 432
12.1223 14
0.5 4
1.3 120
2.1281 74
5.44 43
-1.2212 29
-1311.921 122.211
102.22 -14.55
-11.33321 -10.001
74.1231 542
375 37.5
171.54 432.344
142.71213 14.34
770 52
771 250
772 44
775 22
-771 22.2
-7713 12
74.10 1344
-71.28331 334
-782 44
-275 32.4567
-171.54 232
-2.613 224
0.1584 4.323
1.233 10
6.912 4.32
5.634 42.323
12.66 2.232
13.61 12.12
10.909 14.5
-51.31 -310.01
-89.511 -22.23
29.500 -37.55
13.254 2.34
17.043 14.4
